1.45e-05
1.642e-05
2.095e-05
2.893e-05
5.135e-05
0.00017161
0.00046782
0.00109645
0.00132878
1.455e-05
1.771e-05
1.974e-05
3.671e-05
7.289e-05
0.00018582
0.00055518
0.00086652
0.00128269
1.415e-05
2.526e-05
1.864e-05
2.576e-05
9.667e-05
0.00023188
0.00060742
0.0008787
0.00135122
1.929e-05
1.536e-05
2.315e-05
3.479e-05
7.089e-05
0.00017603
0.00063202
0.00094523
0.00143261
1.528e-05
1.65e-05
2.115e-05
2.544e-05
4.735e-05
0.00016339
0.00050019
0.00091573
0.00132174
1.697e-05
1.965e-05
2.11e-05
2.844e-05
5.111e-05
0.0002079
0.00059505
0.00091859
0.00137335
1.409e-05
1.939e-05
2.387e-05
6.481e-05
4.683e-05
0.00019804
0.00051364
0.00096426
0.0014731
1.617e-05
1.687e-05
2.411e-05
3.094e-05
6.261e-05
0.00022
0.00069674
0.00124395
0.00183225
2.106e-05
1.786e-05
2.974e-05
3.398e-05
5.957e-05
0.00022251
0.00068806
0.00126056
0.00187259