3.89986e-05
3.97124e-05
0.0001002306
0.000226568
0.001655972
0.02465436
0.158081
0.5026876
1.03284
5.03734e-05
4.73908e-05
0.0001175706
0.0002979946
0.001870036
0.02889418
0.1815694
0.6155662
1.19295
4.48966e-05
5.61694e-05
0.0001375372
0.0003480268
0.001990834
0.02890774
0.1908614
0.6061186
1.196224
4.39934e-05
4.9746e-05
0.0001142686
0.0002738594
0.00141349
0.0250132
0.1471158
0.4537574
0.990331
3.3389e-05
4.11346e-05
0.0001359878
0.000253248
0.001429554
0.0192729
0.1329952
0.4583022
0.9554582
3.85168e-05
4.52828e-05
0.0001024684
0.0002227654
0.001496286
0.0205206
0.140612
0.4994956
1.021986
3.84038e-05
5.08794e-05
0.0001095558
0.000241779
0.001470638
0.01890174
0.1488258
0.4920532
1.061366
3.69706e-05
4.84044e-05
8.62156e-05
0.000221756
0.001302982
0.02048136
0.155852
0.5039132
1.089328
3.48458e-05
4.75686e-05
8.85168e-05
0.000226273
0.001419874
0.02057534
0.1506132
0.4912466
1.096998