2.361e-05
2.226e-05
4.16e-05
8.766e-05
0.00046716
0.00553408
0.03888196
0.114338
0.2430792
1.594e-05
2.01e-05
4.254e-05
0.00010437
0.00054315
0.007101
0.04886168
0.1491608
0.295764
2.785e-05
2.004e-05
5.117e-05
0.000103
0.0005352
0.00723431
0.04954836
0.1542588
0.297243
1.9e-05
2.351e-05
4.237e-05
0.00011824
0.00036922
0.00462789
0.03315238
0.09721872
0.2029748
1.734e-05
2.223e-05
4.168e-05
7.405e-05
0.00037209
0.00475114
0.03245902
0.09837118
0.2081864
1.676e-05
2.058e-05
3.63e-05
7.729e-05
0.00039202
0.00464853
0.0334953
0.09960566
0.2088292
1.591e-05
2.114e-05
3.744e-05
8.674e-05
0.0003738
0.00489638
0.03376474
0.09963118
0.204906
1.964e-05
2.037e-05
3.784e-05
7.727e-05
0.0004093
0.00463161
0.03296838
0.1027922
0.204115
1.638e-05
2.222e-05
3.805e-05
8.29e-05
0.00045756
0.00471715
0.03382798
0.09910784
0.205284