1.655e-05
1.915e-05
1.719e-05
2.722e-05
2.439e-05
3.731e-05
7.706e-05
0.00012865
0.0001677
2.081e-05
2.531e-05
1.795e-05
1.886e-05
2.602e-05
4.951e-05
9.673e-05
0.00017002
0.00029826
2.031e-05
1.698e-05
1.847e-05
2.446e-05
3.339e-05
4.661e-05
0.0001233
0.00014859
0.00026811
2.151e-05
1.943e-05
2.614e-05
2.837e-05
3.332e-05
0.00011167
0.00018369
0.00030691
0.00043846
1.88e-05
1.871e-05
2.163e-05
2.544e-05
3.344e-05
9.363e-05
0.00017118
0.00028682
0.00039153
2.146e-05
1.835e-05
3.53e-05
2.492e-05
3.625e-05
7.816e-05
0.00017261
0.00031062
0.00042785
2.079e-05
1.961e-05
2.222e-05
2.836e-05
3.942e-05
8.375e-05
0.00022469
0.00035374
0.00042969
1.822e-05
2.2e-05
2.877e-05
3.673e-05
3.523e-05
7.549e-05
0.00023329
0.0003101
0.00042499
2.078e-05
2.073e-05
2.471e-05
2.378e-05
3.615e-05
8.193e-05
0.00017832
0.00030238
0.00049138