3.09492e-05
2.8001000000000002e-05
5.29676e-05
5.2552999999999996e-05
0.00011045319999999998
0.000389944
0.00126216
0.002206428
0.00299561
2.5494e-05
2.95532e-05
3.720959999999999e-05
5.43504e-05
0.000124324
0.00044401860000000006
0.0013049379999999998
0.002071316
0.00308664
4.34924e-05
3.56142e-05
4.0237999999999997e-05
6.45856e-05
0.0001155236
0.0004899682
0.001263466
0.00201242
0.0030019459999999997
2.59628e-05
3.00852e-05
3.6228799999999994e-05
5.24898e-05
0.0001288114
0.0004992158
0.0012732960000000001
0.0021540739999999997
0.0037003979999999997
2.8476599999999998e-05
3.47956e-05
4.7312600000000005e-05
6.271019999999999e-05
0.00015158079999999998
0.00043498140000000006
0.0012480100000000001
0.0021892799999999996
0.0033941199999999996
2.5839199999999998e-05
2.8995399999999997e-05
3.8247199999999995e-05
5.35364e-05
0.0001152788
0.00045076780000000003
0.00139397
0.002087442
0.003575792
2.5005600000000003e-05
2.8758799999999996e-05
4.202920000000001e-05
5.27006e-05
0.000103215
0.00037738600000000006
0.001112256
0.0022273519999999997
0.0032670079999999996
3.04694e-05
3.58702e-05
4.6520399999999996e-05
5.9452e-05
0.0001327662
0.0005415180000000001
0.0017470679999999998
0.003047188
0.004390409999999999
3.06624e-05
3.3363200000000006e-05
5.52862e-05
6.73642e-05
0.000136296
0.0006007158
0.0016793860000000002
0.0034482360000000004
0.004808196
